12
Jl Ganesha Tengah
-6.8932080262242375,107.61044386464839
Jl Ganesha Barat
-6.893862447419398,107.60844786645244
PSTNT Batan
-6.8885944268242465,107.60809581514792
Jl Dayang Sumbi
-6.88737709762237,107.6114562833061
Jl Juanda
-6.887404556208068,107.61355369500218
Jl Ganesha Timur
-6.893755746377439,107.6129508222805
Angkringan Narji
-6.894803037596001,107.61022928428314
Scoop and Skoops
-6.886819345538713,107.6133885945972
Gedung CRCS
-6.887926701957486,107.61176338697865
Jl IV Timur
-6.889880635467217,107.61157162729022
Plaza Widya Nusantara
-6.889963010791021,107.61037771612914
Galaksi Bima Sakti
-6.1453124,106.8452543
0 1 0 0 0 1 1 0 0 0 1 0
1 0 1 0 0 0 0 0 0 0 0 0
0 1 0 1 0 0 0 0 0 0 0 0
0 0 1 0 1 0 0 0 1 1 0 0
0 0 0 1 0 1 0 1 0 0 0 0
1 0 0 0 1 0 0 0 0 0 0 0
1 0 0 0 0 0 0 0 0 0 0 0
0 0 0 0 1 0 0 0 0 0 0 0
0 0 0 1 0 0 0 0 0 0 0 0
0 0 0 1 0 0 0 0 0 0 1 0
1 0 0 0 0 0 0 0 0 1 0 0
0 0 0 0 0 0 0 0 0 0 0 0